                              +147.62     +147.62     
                              +110.67     +110.67     
                              +102.9      +102.9      
                              +103.9      +103.9      
                              +0          +0          
                              +105.69     +105.69     
                              +170.73     +170.73     
                              +0          +0          
                              +118.45     +118.45     
                              +147.78     +147.78     
                              +100.83     +100.83     
                              +100.55     +100.55     
                              +106.12     +106.12     
                              +239.43     +239.43     
                              +134.03     +134.03     
                              +0          +0          
                              +104.62     +104.62     
                              +0          +0          
                              +167.34     +167.34     
                              +0          +0          
                              +0          +0          
                              +0          +0          
                              +0          +0          
                              +169.38     +169.38     
                              +0          +0          
                              +74.5       +74.5       
                              +0          +0          
                              +100.96     +100.96     
                              +0          +0          
                              +102.35     +102.35     
                              +0          +0          
                              +128.32     +128.32     
                              +190.16     +190.16     
                              +0          +0          
                              +124        +124        
                              +0          +0          
                              +73.75      +73.75      
                              +108.85     +108.85     
                              +122.4      +122.4      
                              +125.1      +125.1      
                              +116.65     +116.65     
                              +100.09     +100.09     
                              +0          +0          
                              +0          +0          
                              +0          +0          
                              +193.95     +193.95     
                              +107.83     +107.83     
                              +103.3      +103.3      
                              +163.62     +163.62     
                              +0          +0          
                              +102.4      +102.4      
                              +123.51     +123.51     
                              +0          +0          
                              +121.17     +121.17     
                              +102.3      +102.3      
                              +148.77     +148.77     
                              +170.6      +170.6      
                              +110.82     +110.82     
                              +149.36     +149.36     
                              +111.24     +111.24     
                              +116.4      +116.4      
                              +0          +0          
                              +0          +0          
                              +143        +143        
                              +155.92     +155.92     
                              +120.97     +120.97     
                              +120.62     +120.62     
                              +102.35     +102.35     
                              +0          +0          
                              +130.78     +130.78     
                              +192.43     +192.43     
                              +128.22     +128.22     
                              +0          +0          
                              +0          +0          
                              +0          +0          
                              +129.93     +129.93     
                              +0          +0          
                              +105.03     +105.03     
                              +0          +0          
                              +126.38     +126.38     
                              +112.83     +112.83     
                              +142.95     +142.95     
                              +104.5      +104.5      
                              +158.14     +158.14     
                              +0          +0          
                              +107.92     +107.92     
                              +0          +0          
                              +0          +0          
                              +100.22     +100.22     
                              +107.23     +107.23     
                              +0          +0          
                              +100.98     +100.98     
                              +99.2       +99.2       
                              +0          +0          
                              +128.95     +128.95     
                              +0          +0          
                              +127.75     +127.75     
                              +0          +0          
                              +177.29     +177.29     
                              +128.43     +128.43     
                              +99.62      +99.62      
                              +106.63     +106.63     
                              +150.34     +150.34     
                              +142.5      +142.5      
                              +0          +0          
                              +0          +0          
                              +128.12     +128.12     
                              +98.72      +98.72      
                              +150.15     +150.15     
                              +117.5      +117.5      
                              +0          +0          
                              +0          +0          
                              +129.47     +129.47     
                              +144.31     +144.31     
                              +103.1      +103.1      
                              +122.95     +122.95     
                              +0          +0          
                              +121.2      +121.2      
                              +106.76     +106.76     
                              +0          +0          
                              +0          +0          
                              +0          +0          
                              +140.92     +140.92     
                              +102.85     +102.85     
                              +103.48     +103.48     
                              +0          +0          
                              +96.03      +96.03      
                              +0          +0          
                              +113.97     +113.97     
                              +145.55     +145.55     
                              +101.07     +101.07     
                              +119.55     +119.55     
                              +143.12     +143.12     
